    JD            Date       Lambda    Mag   Magerr      ZP       Flux    Fluxerr  Interpolated  Flag
-----------------------------------------------------------------------------------------------------
2460714.500     2025-2-8     0.801   13.864   0.003   2408.320    0.007    0.000         no       1
2460716.500    2025-2-10     0.801   13.800   0.003   2408.320    0.007    0.000         no       1
2460720.500    2025-2-14     0.663   15.203   0.017   3631.000    0.003    0.000         no       1
2460720.500    2025-2-14     0.801   13.702   0.003   2408.320    0.008    0.000         no       1
2460722.500    2025-2-16     0.801   13.794   0.003   2408.320    0.007    0.000         no       1
2460724.500    2025-2-18     0.801   13.751   0.003   2408.320    0.008    0.000         no       1
2460728.500    2025-2-22     0.663   15.254   0.012   3631.000    0.003    0.000         no       1
2460730.500    2025-2-24     0.801   13.707   0.003   2408.320    0.008    0.000         no       1
2460732.500    2025-2-26     0.801   13.640   0.003   2408.320    0.008    0.000         no       1
2460734.500    2025-2-28     0.801   13.795   0.003   2408.320    0.007    0.000         no       1
2460736.500     2025-3-2     0.663   15.497   0.012   3631.000    0.002    0.000         no       1
2460736.500     2025-3-2     0.801   13.865   0.003   2408.320    0.007    0.000         no       1
2460737.500     2025-3-3     0.663   15.492   0.000   3631.000    0.002    0.000        yes       1
2460737.500     2025-3-3     0.783   13.708   0.000   2452.020    0.008    0.000        yes       1
2460737.500     2025-3-3     0.801   13.888   0.000   2408.320    0.007    0.000        yes       1
2460737.500     2025-3-3     1.235    9.959   0.005   1590.901    0.166    0.001         no       1
2460737.500     2025-3-3     1.662    8.325   0.004   1024.000    0.479    0.002         no       1
2460737.500     2025-3-3     2.159    6.674   0.006    655.952    1.427    0.008         no       1
2460739.500     2025-3-5     0.801   13.963   0.003   2408.320    0.006    0.000         no       1
2460740.500     2025-3-6     0.663   15.483   0.012   3631.000    0.002    0.000         no       1
2460742.500     2025-3-8     0.801   13.961   0.003   2408.320    0.006    0.000         no       1
2460744.500    2025-3-10     0.663   15.346   0.012   3631.000    0.003    0.000         no       1
2460746.500    2025-3-12     0.663   15.456   0.013   3631.000    0.002    0.000         no       1
2460747.500    2025-3-13     0.801   13.790   0.003   2408.320    0.007    0.000         no       1
2460748.500    2025-3-14     0.663   15.329   0.011   3631.000    0.003    0.000         no       1
2460749.500    2025-3-15     0.663   15.250   0.018   3631.000    0.003    0.000         no       1
2460752.500    2025-3-18     0.663   15.098   0.014   3631.000    0.003    0.000         no       1
2460752.500    2025-3-18     0.801   13.625   0.003   2408.320    0.009    0.000         no       1
2460754.500    2025-3-20     0.663   15.206   0.032   3631.000    0.003    0.000         no       1
2460756.500    2025-3-22     0.663   15.167   0.010   3631.000    0.003    0.000         no       1
2460758.500    2025-3-24     0.663   15.205   0.009   3631.000    0.003    0.000         no       1
2460766.500     2025-4-1     0.663   15.398   0.010   3631.000    0.003    0.000         no       1
2460766.500     2025-4-1     0.783   13.708   0.000   2452.020    0.008    0.000         no       1
2460766.500     2025-4-1     0.801   13.776   0.003   2408.320    0.007    0.000         no       1
2460766.500     2025-4-1     1.235    9.972   0.004   1590.901    0.164    0.001         no       1
2460766.500     2025-4-1     1.662    8.289   0.004   1024.000    0.495    0.002         no       1
2460766.500     2025-4-1     2.159    6.681   0.005    655.952    1.418    0.007         no       1
2460766.500     2025-4-1     3.353    4.412   0.148    309.540    5.320    0.725         no       1
2460766.500     2025-4-1     4.603    3.666   0.000    171.790    5.868    0.000         no       1
2460768.500     2025-4-3     0.801   13.732   0.003   2408.320    0.008    0.000         no       1
2460770.500     2025-4-5     0.663   15.437   0.011   3631.000    0.002    0.000         no       1
2460775.500    2025-4-10     0.801   13.591   0.003   2408.320    0.009    0.000         no       1
2460777.500    2025-4-12     0.663   15.156   0.014   3631.000    0.003    0.000         no       1
2460777.500    2025-4-12     0.801   13.569   0.003   2408.320    0.009    0.000         no       1
2460778.500    2025-4-13     0.663   15.234   0.013   3631.000    0.003    0.000         no       1
2460781.500    2025-4-16     0.663   15.349   0.000   3631.000    0.003    0.000        yes       1
2460781.500    2025-4-16     0.783   13.593   0.000   2452.020    0.009    0.000         no       1
2460781.500    2025-4-16     0.801   13.647   0.000   2408.320    0.008    0.000        yes       1
2460781.500    2025-4-16     1.235    9.992   0.009   1590.901    0.161    0.001         no       1
2460781.500    2025-4-16     1.662    8.199   0.005   1024.000    0.538    0.002         no       1
2460781.500    2025-4-16     2.159    6.688   0.005    655.952    1.409    0.006         no       1
2460781.500    2025-4-16     3.353    4.176   0.100    309.540    6.612    0.609         no       1
2460781.500    2025-4-16     4.603    3.797   0.000    171.790    5.204    0.000         no       1
2460784.500    2025-4-19     0.663   15.372   0.080   3631.000    0.003    0.000         no       1
2460788.500    2025-4-23     0.663   15.362   0.011   3631.000    0.003    0.000         no       1
2460788.500    2025-4-23     0.801   13.794   0.003   2408.320    0.007    0.000         no       1
2460790.500    2025-4-25     0.801   13.861   0.003   2408.320    0.007    0.000         no       1
2460792.500    2025-4-27     0.663   15.194   0.010   3631.000    0.003    0.000         no       1
2460792.500    2025-4-27     0.801   13.736   0.003   2408.320    0.008    0.000         no       1
2460797.500     2025-5-2     0.801   13.791   0.003   2408.320    0.007    0.000         no       1
2460799.500     2025-5-4     0.801   13.825   0.003   2408.320    0.007    0.000         no       1
2460800.500     2025-5-5     0.663   15.358   0.011   3631.000    0.003    0.000         no       1
2460801.500     2025-5-6     0.801   13.877   0.003   2408.320    0.007    0.000         no       1
2460802.500     2025-5-7     0.663   15.626   0.012   3631.000    0.002    0.000         no       1
2460804.500     2025-5-9     0.663   15.767   0.016   3631.000    0.002    0.000         no       1
2460805.500    2025-5-10     0.663   15.745   0.019   3631.000    0.002    0.000         no       1
2460807.500    2025-5-12     0.801   14.347   0.004   2408.320    0.004    0.000         no       1
2460812.500    2025-5-17     0.663   16.469   0.031   3631.000    0.001    0.000         no       1
2460812.500    2025-5-17     0.801   14.757   0.000   2408.320    0.003    0.000        yes       1
2460812.500    2025-5-17     1.235   10.729   0.006   1590.901    0.081    0.000         no       1
2460812.500    2025-5-17     1.662    8.834   0.005   1024.000    0.300    0.001         no       1
2460812.500    2025-5-17     2.159    7.038   0.005    655.952    1.020    0.005         no       1
2460812.500    2025-5-17     3.353    4.144   0.000    309.540    6.806    0.000        yes       1
2460815.500    2025-5-20     0.801   15.015   0.005   2408.320    0.002    0.000         no       1
2460816.500    2025-5-21     0.663   16.783   0.000   3631.000    0.001    0.000        yes       1
2460816.500    2025-5-21     0.801   15.078   0.000   2408.320    0.002    0.000        yes       1
2460816.500    2025-5-21     1.235   10.839   0.003   1590.901    0.074    0.000         no       1
2460816.500    2025-5-21     1.662    8.810   0.004   1024.000    0.306    0.001         no       1
2460816.500    2025-5-21     2.159    7.103   0.004    655.952    0.961    0.004         no       1
2460816.500    2025-5-21     3.353    4.140   0.010    309.540    6.835    0.063         no       1
2460817.500    2025-5-22     0.801   15.152   0.005   2408.320    0.002    0.000         no       1
2460818.500    2025-5-23     0.663   16.932   0.024   3631.000    0.001    0.000         no       1
2460821.500    2025-5-26     0.801   15.366   0.008   2408.320    0.002    0.000         no       1
2460822.500    2025-5-27     0.663   17.155   0.038   3631.000    0.000    0.000         no       1
2460826.500    2025-5-31     0.663   17.348   0.036   3631.000    0.000    0.000         no       1
2460832.500     2025-6-6     0.663   17.920   0.082   3631.000    0.000    0.000         no       1
2460832.500     2025-6-6     0.801   16.207   0.014   2408.320    0.001    0.000         no       1
2460833.500     2025-6-7     0.663   17.858   0.101   3631.000    0.000    0.000         no       1
2460840.500    2025-6-14     0.663   18.057   0.105   3631.000    0.000    0.000         no       1
2460840.500    2025-6-14     0.801   16.478   0.000   2408.320    0.001    0.000        yes       1
2460840.500    2025-6-14     1.235   11.931   0.009   1590.901    0.027    0.000         no       1
2460840.500    2025-6-14     1.662    9.519   0.007   1024.000    0.159    0.001         no       1
2460840.500    2025-6-14     2.159    7.326   0.006    655.952    0.783    0.004         no       1
2460840.500    2025-6-14     3.353    4.890   0.000    309.540    3.427    0.000        yes       1
2460840.500    2025-6-14     4.603    3.862   0.000    171.790    4.898    0.000        yes       1
2460843.500    2025-6-17     0.801   16.580   0.021   2408.320    0.001    0.000         no       1
2460844.500    2025-6-18     0.663   18.113   0.102   3631.000    0.000    0.000         no       1
2460847.500    2025-6-21     0.663   18.060   0.000   3631.000    0.000    0.000        yes       1
2460847.500    2025-6-21     0.801   16.580   0.000   2408.320    0.001    0.000        yes       1
2460847.500    2025-6-21     1.235   11.890   0.008   1590.901    0.028    0.000         no       1
2460847.500    2025-6-21     1.662    9.449   0.006   1024.000    0.170    0.001         no       1
2460847.500    2025-6-21     2.159    7.309   0.006    655.952    0.795    0.004         no       1
2460847.500    2025-6-21     3.353    5.113   0.000    309.540    2.790    0.000        yes       1
2460847.500    2025-6-21     4.603    3.870   0.000    171.790    4.863    0.000        yes       1
2460848.500    2025-6-22     3.353    5.134   0.000    309.540    2.736    0.000         no       1
2460848.500    2025-6-22     4.603    3.871   0.000    171.790    4.860    0.000         no       1
2460850.500    2025-6-24     0.663   18.047   0.100   3631.000    0.000    0.000         no       1
2460854.500    2025-6-28     0.663   18.069   0.135   3631.000    0.000    0.000         no       1
2460856.500    2025-6-30     0.663   17.938   0.078   3631.000    0.000    0.000         no       1
2460856.500    2025-6-30     0.801   16.580   0.000   2408.320    0.001    0.000        yes       1
2460856.500    2025-6-30     1.235   11.582   0.004   1590.901    0.037    0.000         no       1
2460856.500    2025-6-30     1.662    9.063   0.004   1024.000    0.243    0.001         no       1
2460856.500    2025-6-30     2.159    6.822   0.004    655.952    1.245    0.005         no       1
2460856.500    2025-6-30     3.353    4.566   0.013    309.540    4.617    0.055         no       1
2460856.500    2025-6-30     4.603    3.871   0.000    171.790    4.860    0.000        yes       1
2460858.500     2025-7-2     0.663   18.164   0.109   3631.000    0.000    0.000         no       1
2460858.500     2025-7-2     0.801   16.580   0.000   2408.320    0.001    0.000        yes       1
2460858.500     2025-7-2     1.235   11.924   0.009   1590.901    0.027    0.000         no       1
2460858.500     2025-7-2     1.662    9.404   0.005   1024.000    0.177    0.001         no       1
2460858.500     2025-7-2     2.159    7.265   0.004    655.952    0.828    0.003         no       1
2460858.500     2025-7-2     3.353    4.571   0.000    309.540    4.597    0.000        yes       1
2460858.500     2025-7-2     4.603    3.871   0.000    171.790    4.860    0.000        yes       1
2460860.500     2025-7-4     0.663   17.910   0.087   3631.000    0.000    0.000         no       1
2460861.500     2025-7-5     0.663   18.122   0.150   3631.000    0.000    0.000         no       1
2460861.500     2025-7-5     0.801   16.580   0.000   2408.320    0.001    0.000        yes       1
2460861.500     2025-7-5     1.235   11.658   0.003   1590.901    0.035    0.000         no       1
2460861.500     2025-7-5     1.662    9.117   0.003   1024.000    0.231    0.001         no       1
2460861.500     2025-7-5     2.159    6.935   0.003    655.952    1.122    0.003         no       1
2460861.500     2025-7-5     3.353    4.579   0.000    309.540    4.564    0.000        yes       1
2460861.500     2025-7-5     4.603    3.871   0.000    171.790    4.860    0.000        yes       1
2460867.500    2025-7-11     0.663   18.066   0.188   3631.000    0.000    0.000         no       1
2460869.500    2025-7-13     0.663   18.171   0.145   3631.000    0.000    0.000         no       1
2460873.500    2025-7-17     0.663   18.297   0.106   3631.000    0.000    0.000         no       1
2460882.500    2025-7-26     0.663   18.306   0.077   3631.000    0.000    0.000         no       1
2460884.500    2025-7-28     0.663   18.140   0.080   3631.000    0.000    0.000         no       1
2460890.500     2025-8-3     0.663   18.201   0.232   3631.000    0.000    0.000         no       1
2460893.500     2025-8-6     0.663   18.099   0.226   3631.000    0.000    0.000         no       1
2460894.500     2025-8-7     0.663   18.135   0.163   3631.000    0.000    0.000         no       1
2460896.500     2025-8-9     0.663   17.862   0.189   3631.000    0.000    0.000         no       1
2460900.500    2025-8-13     0.663   17.889   0.048   3631.000    0.000    0.000         no       1
2460908.500    2025-8-21     0.663   18.139   0.047   3631.000    0.000    0.000         no       1
2460915.500    2025-8-28     0.663   18.118   0.052   3631.000    0.000    0.000         no       1
2460916.500    2025-8-29     0.663   18.175   0.095   3631.000    0.000    0.000         no       1
2460918.500    2025-8-31     0.663   18.108   0.094   3631.000    0.000    0.000         no       1
2460919.500     2025-9-1     0.663   18.156   0.296   3631.000    0.000    0.000         no       1
2460919.500     2025-9-1     1.235   11.874   0.000   1590.901    0.028    0.000         no       1
2460919.500     2025-9-1     1.662    9.536   0.000   1024.000    0.157    0.000         no       1
2460919.500     2025-9-1     3.353    4.733   0.000    309.540    3.959    0.000         no       1
2460920.500     2025-9-2     0.663   18.227   0.269   3631.000    0.000    0.000         no       1
2460921.500     2025-9-3     0.663   18.065   0.121   3631.000    0.000    0.000         no       1
2460922.500     2025-9-4     0.663   17.645   0.182   3631.000    0.000    0.000         no       1
2460923.500     2025-9-5     0.663   17.974   0.156   3631.000    0.000    0.000         no       1
2460924.500     2025-9-6     0.663   17.915   0.196   3631.000    0.000    0.000         no       1
2460925.500     2025-9-7     0.663   17.883   0.119   3631.000    0.000    0.000         no       1
2460926.500     2025-9-8     0.663   17.879   0.068   3631.000    0.000    0.000         no       1
2460927.500     2025-9-9     0.663   18.031   0.128   3631.000    0.000    0.000         no       1
2460928.500    2025-9-10     0.663   17.974   0.075   3631.000    0.000    0.000         no       1
2460930.500    2025-9-12     0.663   17.828   0.132   3631.000    0.000    0.000         no       1
2460936.500    2025-9-18     0.663   17.959   0.080   3631.000    0.000    0.000         no       1
2460939.500    2025-9-21     0.663   18.268   0.106   3631.000    0.000    0.000         no       1
2460948.500    2025-9-30     0.663   18.159   0.121   3631.000    0.000    0.000         no       1
2460950.500    2025-10-2     0.663   18.019   0.141   3631.000    0.000    0.000         no       1
2460951.500    2025-10-3     0.663   18.146   0.159   3631.000    0.000    0.000         no       1
2460952.500    2025-10-4     0.663   17.959   0.150   3631.000    0.000    0.000         no       1
2460953.500    2025-10-5     0.663   17.781   0.109   3631.000    0.000    0.000         no       1
2460954.500    2025-10-6     0.663   17.650   0.105   3631.000    0.000    0.000         no       1
2460955.500    2025-10-7     0.663   17.663   0.152   3631.000    0.000    0.000         no       1
2460956.500    2025-10-8     0.663   17.503   0.130   3631.000    0.000    0.000         no       1
2460959.500   2025-10-11     0.663   17.424   0.128   3631.000    0.000    0.000         no       1
